2 0.00265
3 0.00794
4 0.01688
5 0.0277
6 0.0396
7 0.05623
8 0.074
9 0.09566
10 0.11674
11 0.14083
12 0.16712
13 0.19551
14 0.22311
15 0.24968
16 0.28385
17 0.31537
18 0.34674
19 0.37746
20 0.4118
21 0.44281
22 0.47672
23 0.50698
24 0.53575
25 0.57073
26 0.59708
27 0.62707
28 0.65502
29 0.68085
30 0.70428
31 0.7318
32 0.75367
33 0.77559
34 0.79635
35 0.81493
36 0.82963
37 0.84773
38 0.86365
39 0.87841
40 0.88908
41 0.90345
42 0.91207
43 0.92507
44 0.93325
45 0.93962
46 0.94791
47 0.95468
48 0.96138
49 0.9665
50 0.97028